{
    "kills": 5,
    "Level": 3,
    "playerPos": {
        "x": -3.240000009536743,
        "y": 1.25,
        "z": -14.1899995803833
    },
    "playerRotate": {
        "x": 0.0,
        "y": -0.8876135945320129,
        "z": 0.0,
        "w": -0.46058890223503115
    }
}